-912.785360191549	233.103088868995	524.001008981059
-912.791686160388	233.105780704966	524.028704111666
-912.798042047855	233.111719341145	524.061690610812
-912.800699261035	233.12092708596	524.095981144539
-912.796798450791	233.132436973462	524.127640436326
-912.785809849803	233.144558722037	524.154463358501
-912.768409597203	233.15537542983	524.175372252728
-912.746521663638	233.163393489754	524.190519750271
-912.721587357107	233.167528621231	524.200469627843
-912.695765220148	233.167333044992	524.206704942239
-912.67089952282	233.162842847657	524.21107171369
-912.648157157313	233.154056495415	524.215350152282
-912.626875393356	233.140255309275	524.220056205446
-912.605099114888	233.120365818632	524.22505552541
-912.579790382414	233.092731654546	524.229481968681
-912.548301741638	233.05595323314	524.232268194877
-912.509405033643	233.009499808463	524.233223728148
-912.465465119216	232.954270929889	524.234183815206
-912.421155245003	232.892750665282	524.238137980959
-912.383073904492	232.828220117628	524.248934045175
-912.357743430758	232.764070309965	524.270443012747
-912.349997161939	232.702960071652	524.305281215996
-912.361933001919	232.645970913406	524.354594395177
-912.393137628606	232.592773512136	524.418194478019
-912.442300768819	232.542076017278	524.495581584223
-912.507363100807	232.49226670739	524.585955581848
-912.585975255195	232.441681478906	524.68808327947
-912.676168827781	232.389016209746	524.800797693733
-912.775075907166	232.333025900592	524.921872848212
-912.87830058073	232.272417977814	525.047813968868
-912.98089206185	232.206489771071	525.174522751799
-913.078049594637	232.13471191106	525.298110767716
-913.165238491326	232.057043942014	525.415098340283
-913.240659654978	231.974223631644	525.524542513611
-913.303927445997	231.887344622719	525.627041643043
-913.356049059142	231.797864591325	525.724597709755
-913.399727122751	231.707544448194	525.820361420125
-913.438248931775	231.618175570283	525.917780111327
-913.475012547671	231.531636240955	526.020017493725
-913.512568356174	231.449354248916	526.128934873817
-913.551895873112	231.372210211417	526.245087429973
-913.592777250172	231.300528969534	526.367820366154
-913.63447907863	231.234122221723	526.49646588338
-913.676785515524	231.172764950936	526.630749866965
-913.720363185132	231.116222148444	526.771438788151
-913.765351551339	231.063882303488	526.918812990331
-913.811679520674	231.015110454741	527.072781787468
-913.858413267782	230.968843901204	527.232389422059
-913.903122862191	230.923656267393	527.394941573684
-913.942665097981	230.877713168795	527.557018978846
-913.972996198395	230.829200092087	527.714175031021
-913.98958546615	230.776409988507	527.861796707132
-913.989151252094	230.717983255961	527.996253073801
-913.971258042559	230.653711200847	528.116326634627
-913.938347211707	230.58440096916	528.223544106539
-913.895250990139	230.511564183777	528.321459516332
-913.8470882087	230.437046693144	528.414221426892
-913.799080756548	230.362753673211	528.506421169054
-913.754726162516	230.290001651014	528.601367752368
-913.715737994206	230.219482166497	528.701164273024
-913.682595651369	230.151420503384	528.806834043191
-913.6543080972	230.085468822103	528.918164131762
-913.629856077691	230.021239120482	529.034840056662
-913.607936778982	229.958080118233	529.156214696066
-913.587113961313	229.895105140518	529.281012269269
-913.565026832408	229.831205922839	529.407195654283
-913.538648128914	229.764887600848	529.5318131981
-913.503825927241	229.694257298149	529.650985903696
-913.456408366162	229.617349281915	529.760735188608
-913.392842337806	229.532201864878	529.857518769482
-913.311676143304	229.437656828231	529.939623160377
-913.213184006265	229.333094384188	530.006785747338
-913.099796880286	229.218871531439	530.060584294006
-912.976296047164	229.09622351415	530.104311492299
-912.847694576032	228.96687689094	530.141537865048
-912.717215537037	228.832059124978	530.174438919387
-912.585360576856	228.692534565096	530.203214145766
-912.449916230808	228.548131435333	530.226004269567
-912.308639199076	228.39898240474	530.24084705977
-912.16009087825	228.245706644693	530.246536337312
-912.00556536265	228.090163784741	530.243769370993
-911.84791962763	227.934837099826	530.234382845082
-911.69197182099	227.783152639161	530.221543585657
-911.543268642354	227.638813164783	530.20890769874
-911.407398111862	227.505599735105	530.200482063695
-911.28927963894	227.386682645893	530.200167980162
-911.192573483822	227.284289651892	530.211584957138
-911.119375862495	227.199649979142	530.237951842405
-911.071241732229	227.133234155058	530.282175765561
-911.048281230574	227.084248477285	530.346339652399
-911.049996588083	227.050996481752	530.431630049401
-911.074220875589	227.030904405118	530.537739214141
-911.117340857995	227.020787874201	530.662690361674
-911.173481712019	227.016614521448	530.801991990791
-911.234260507016	227.013627599471	530.948672852789
-911.28970084092	227.006619161999	531.094024236418
-911.329889624584	226.990617183224	531.229323967053
-911.347561347343	226.961376157179	531.347637896603
-911.338228373031	226.91610907353	531.444803315131
-911.301083907644	226.853855292557	531.51971231262
-911.238220510697	226.775476606052	531.573894456909
-911.153728943441	226.683151902811	531.610726403725
-911.053106337611	226.580021777734	531.634569865516
-910.940779910365	226.468796577919	531.648688104402
-910.82056627825	226.351734956868	531.65582557141
-910.695558864694	226.230458548071	531.657822600125
-910.568538373087	226.105832834029	531.655856644719
-910.442452778709	225.978784647936	531.65106915446
-910.32190495962	225.850343062798	531.645577128453
-910.211698236259	225.722054424598	531.641668252355
-910.116062471537	225.595405678015	531.641323124785
-910.036905446661	225.471265357025	531.644971069121
-909.974286433596	225.349756323023	531.652079596748
-909.926314214328	225.230550876156	531.661414494988
-909.89096142835	225.113285976567	531.672164132829
-909.866702176576	224.998272622376	531.684468491515
-909.853154441306	224.886751461616	531.699992872138
-909.850576564464	224.780490123525	531.720722533304
-909.860322050885	224.682127753289	531.749951201743
-909.88370829718	224.594196037027	531.790491996604
-909.921545402512	224.519058265961	531.844704698887
-909.973135990118	224.458256321743	531.913573013706
-910.037545665851	224.412223800699	531.997345952995
-910.112797285805	224.380170668831	532.0953532822
-910.197383655284	224.360487983217	532.206966564679
-910.289628438224	224.350897699743	532.33129407952
-910.387733782009	224.348906397255	532.467078185406
-910.489748842161	224.35169192508	532.612492740999
-910.591890984017	224.35613508068	532.764125952755
-910.688710989863	224.358764661296	532.916719269397
-910.773455014531	224.356296500958	533.063874714825
-910.838742172146	224.345674282562	533.198545599795
-910.878287253245	224.324841017364	533.314658264801
-910.887810593726	224.293120599238	533.407822713752
-910.867535573511	224.251539480664	533.476985054911
-910.820715653703	224.202520184106	533.524071458514
-910.754386226093	224.149457977241	533.55390689862
-910.676903886021	224.096204320012	533.572739013526
-910.597534843626	224.046778345953	533.587452065362
-910.52381604662	224.004591154947	533.603534387179
-910.462526568338	223.972791497126	533.625720990117
-910.418372466379	223.953689797184	533.656912750773
-910.394683265224	223.949222579628	533.699168025636
-910.393103591697	223.960263642232	533.753290483472
-910.414293019934	223.987141601452	533.819666013408
-910.457721907657	224.029241053995	533.898189843973
-910.521733098564	224.084913785726	533.988247724037
-910.602941786535	224.151658639031	534.088487849719
-910.696204946907	224.225991176046	534.19619389247
-910.795222130317	224.303856937772	534.307564827762
-910.893084772524	224.381367167586	534.41829097098
-910.983700883852	224.45536805184	534.52400219046
-911.062379860969	224.523907833096	534.621356365348
-911.128229058148	224.586783492831	534.709430140168
-911.183385953923	224.645428666573	534.78946956573
-911.231583869529	224.701770297359	534.863870955844
-911.278125372452	224.75813803871	534.935966542337
-911.327183126565	224.81616191826	535.00843498628
-911.38157710858	224.876567812165	535.083185314738
-911.443150723669	224.93927918513	535.161517752666
-911.511823785328	225.003823329768	535.243565490129
-911.58823235074	225.069976280758	535.330247486193
-911.672068692127	225.137974049525	535.421884450568
-911.764356617031	225.208594130577	535.519886548012
-911.866312550698	225.282885895605	535.625794669267
-911.978575292474	225.361601876586	535.740952265667
-912.101403186126	225.445033187985	535.866549391795
-912.232764616517	225.532195629317	536.002030350013
-912.369667780499	225.621430305662	536.146176809428
-912.508337049679	225.710601873595	536.297283089938
-912.644667043907	225.797320769598	536.453342500212
-912.775941027169	225.879583525984	536.613035569325
-912.899481334037	225.955596457542	536.774774878113
-913.014873150809	226.024512614234	536.93844798304
-913.121938631076	226.085703198428	537.103780365947
-913.221460040572	226.139201398399	537.271449285605
-913.31340494021	226.184734384282	537.441451291878
-913.39759078079	226.222388380911	537.614056452038
-913.473292449396	226.251813751374	537.789499627872
-913.539770509782	226.272214492099	537.968361996662
-913.59521758633	226.282125156316	538.150929807499
-913.637248406067	226.278893871559	538.3371058301
-913.660737855461	226.258780947617	538.524831869276
-913.657419736368	226.216333179255	538.709594788185
-913.614395122249	226.144235420273	538.883320099474
-913.514636879572	226.032997638175	539.034600884757
-913.337410991966	225.871819349856	539.149368852627
-913.060482176473	225.648970447147	539.212634373645
-912.660880380819	225.352688253999	539.209097239142
-912.116355840136	224.971827585962	539.124489604452
-911.406185445535	224.496542621904	538.946503877986
-910.511718107735	223.918881126852	538.664886109356
-909.415938096907	223.232792071342	538.271407421168
-908.103822170454	222.433977483512	537.759742027746
-906.561107940158	221.519602184455	537.124745242795
-904.775602419226	220.488284868025	536.362966406253
-902.73692217739	219.339727325809	535.472618460498
-900.438308614898	218.07550295004	534.454559945874
-897.876909224291	216.698331187916	533.312059403843
-895.053308720106	215.211763486643	532.049699709179
-891.971397338629	213.620023012396	530.672714475567
-888.636453353088	211.927452193198	529.18545656886
-885.054640721195	210.138755360134	527.59080098678
-881.232210526823	208.259143888195	525.890228674482
-877.175642032067	206.29454743791	524.084480359122
-872.893859635222	204.251951539776	522.176300342091
-868.398184332978	202.139435302496	520.170894722644
-863.702388342668	199.96581667419	518.076725633612
-858.821692039907	197.739459783624	515.904660984825
-853.771415023606	195.467883761253	513.666972790884
-848.564962701939	193.156625044195	511.375670990697
-843.21131010741	190.808634013084	509.040129946213
-837.713771004212	188.423977571395	506.665912416442
-832.069721530987	185.999960801457	504.253776447398
-826.2710964662	183.5311564897	501.799667294208
-820.304869785438	181.010287018293	499.29471342917
-814.153201086121	178.428726913694	496.725032875432
-807.794482576548	175.777300039048	494.072316367965
-801.204287142985	173.047126066489	491.314949061037
-794.357028365353	170.230005194447	488.42904699572
-787.229849549564	167.320252686946	485.392684618822
-779.806780062003	164.316976265764	482.190334070326
-772.082508070118	161.224932634649	478.816343288075
-764.063650778955	158.053783210195	475.27518414513
-755.76884762537	154.8175316719	471.581062153282
-747.227802223861	151.53329400289	467.756089178537
-738.479252839928	148.220781338378	463.828249850854
-729.566107974844	144.900658613824	459.827283723065
-720.529078203309	141.592167538598	455.780107751017
-711.40168799934	138.311273014581	451.707396940871
-702.208079247341	135.069916667453	447.623161270385
-692.962607763296	131.875949439112	443.535173061538
-683.67140869695	128.7335821628	439.446062750876
-674.335032515953	125.644204677352	435.355189322255
-664.95242004847	122.607121009014	431.26097351542
-655.52549175784	119.620526371367	427.163555363537
-646.061494673432	116.683233563458	423.065842403298
-636.572134918612	113.796109676604	418.973070268647
-627.071586073246	110.96237162537	414.891826343189
-617.574535298239	108.186453698486	410.828856639948
-608.095291145956	105.473016468936	406.790712310576
-598.646044178913	102.826150672856	402.782822486846
-589.235199273779	100.248725800556	398.808497832902
-579.865686365487	97.7422289735709	394.868146810687
-570.533580204419	95.3065240911453	390.958557665251
-561.230091621479	92.9403851637685	387.074054719143
-551.947935792014	90.6421566528587	383.209921519622
-542.684106829655	88.4102168744879	379.363740930148
-533.440268209799	86.2431802935586	375.535778993176
-524.221670210377	84.13965017725	371.728233326738
-515.037405960141	82.0985735774796	367.945769531303
-505.899418157444	80.1189287273526	364.19469961874
-496.822526041044	78.1996325154714	360.482805625004
-487.823309274797	76.3393435592939	356.81860500843
-478.919925712118	74.5366827650598	353.211176404717
-470.132141492581	72.790340163848	349.670006221242
-461.481276315327	71.0992775640441	346.205040792234
-452.990037346025	69.4627373331927	342.826611414602
-444.683268910535	67.8804219861887	339.545804076119
-436.587772879577	66.3525019516098	336.37427288674
-428.731681285859	64.8795103110011	333.324023156356
-421.143005086254	63.4619607514862	330.406602014913
-413.84878607589	62.1002528085675	327.632735128308
-406.873701856491	60.7945448060695	325.01141508942
-400.237854184373	59.5446069007152	322.548907399929
-393.955187691405	58.3497184839463	320.248143500571
-388.032801875096	57.2086435357505	318.108780833298
-382.471699311178	56.1197878519046	316.127780864223
-377.267749132392	55.0814653327198	314.300101738265
-372.41249691561	54.0920475515752	312.619250579369
-367.893826386091	53.1500060938515	311.077591351162
-363.697020260632	52.2539286872797	309.666855751517
-359.805539958713	51.4025443961808	308.378477248769
-356.200517039624	50.5943746274408	307.203103933544
-352.858651770424	49.8274590221692	306.129794896126
-349.751857274482	49.099099368986	305.145762241099
-346.849129760569	48.4059743450562	304.237174292879
-344.119967668811	47.7445812533203	303.390526302918
-341.537866693811	47.1120171474719	302.59420371046
-339.083830736641	46.5064361867474	301.839740417601
-336.748291147546	45.9274698982854	301.12271592044
-334.530297787985	45.3761292331692	300.442361475333
-332.434105102344	44.8544488337168	299.800307416205
-330.464332291941	44.3648039899233	299.198675407323
-328.622159517164	43.9095103719488	298.638740667157
-326.902849495332	43.4902168654897	298.119666590469
-325.293137987656	43.1073752841381	297.637329404899
-323.771813158742	42.7600642306884	297.184376500331
-322.312480541025	42.4460096677505	296.751197637713
-320.887887673155	42.1619285022919	296.327505980595
-319.473716756457	41.9040486144109	295.903854479921
-318.051070760203	41.6684053447789	295.472593203565
-316.608114113833	41.4512854469979	295.028695961472
-315.141104586649	41.2495969726609	294.570157321653
-313.654662322463	41.0612498363962	294.098277087123
-312.161335969492	40.8852825554981	293.61745472458
-310.681197840771	40.722010296574	293.135084971107
-309.240843900968	40.5730576724891	292.661092004432
-307.870883494093	40.4409550631041	292.206923532142
-306.601334200713	40.32844186711	291.783764076432
-305.456414769126	40.2377761139248	291.40060628282
-304.451679628284	40.1703578846685	291.063143461315
-303.593650896257	40.1265732205604	290.773734566899
-302.879386908993	40.1054790578772	290.531324346567
-302.296908860791	40.1045826065138	290.33168118049
-301.825388258022	40.1198507950121	290.167616257535
-301.437972158679	40.1460173484546	290.03000298335
-301.105738928256	40.1771409339144	289.909260870063
-300.801725815746	40.2071978593958	289.796686730051
-300.502948532347	40.2305120003796	289.685118733089
-300.191019791272	40.2420093156376	289.568942304038
-299.851787270741	40.2375986879849	289.443885465104
-299.474796883446	40.2144306712319	289.30677338091
-299.053102171304	40.1711522859041	289.155410929048
-298.582771795033	40.1079401328832	288.988417421054
-298.062777724272	40.0264666653689	288.805241151633
-297.494967101876	39.9298191289111	288.606217690179
-296.883885255813	39.8222234990045	288.392634574006
-296.235701607661	39.7085808102727	288.166529851729
-295.556840730623	39.5936914518202	287.930331805835
-294.852568399205	39.4813685689385	287.686385037104
-294.125857086762	39.3737646518571	287.436461473685
-293.377479192325	39.2714011750256	287.181808855328
-292.607080580257	39.173274646326	286.923277391895
-291.813926918944	39.0773585446791	286.66157410867
-290.997366076071	38.9811407255613	286.397196103608
-290.157510595716	38.8824242350991	286.130725074559
-289.296134097589	38.7798673631388	285.863073131761
-288.417238659204	38.6732865103315	285.595697597778
-287.526703720187	38.5635526525473	285.330531240051
-286.631202722764	38.4520758427379	285.069635450567
-285.737258350741	38.340211231735	284.814964529016
-284.850971260425	38.228550743305	284.568286294464
-283.979592095325	38.116665525057	284.331721932918
-283.133436949206	38.0032510240108	284.108267554881
-282.327590942577	37.8866230220294	283.902252026744
-281.58170884402	37.7654077651933	283.719255075877
-280.91692484714	37.6388186564872	283.564906861716
-280.349218485554	37.506715462115	283.442825578645
-279.883808172623	37.3694124149318	283.352811335372
-279.512292784031	37.2275468635203	283.290158411806
-279.211970631611	37.0819333052561	283.245714732533
-278.94787568969	36.9334275414628	283.20682854432
-278.676195229395	36.7827024168151	283.158680830639
-278.347643660491	36.6298537511395	283.0854159314
-277.909835683112	36.474203967726	282.970895935425
-277.310631006045	36.3141623876054	282.799480582674
-276.501329246369	36.1471485768938	282.556880171219
-275.440031869893	35.9697032578786	282.231091392715
-274.09656428175	35.7779390519771	281.814095699588
-272.460072979224	35.5684747976939	281.304318273146
-270.545163460604	35.3393499143373	280.708559706939
-268.395212050009	35.0907904829528	280.042766749235
-266.078874329715	34.8254657837954	279.330614184079
-263.682284556353	34.5480531766161	278.600577859207
-261.297768751272	34.2642220079651	277.88212390522
-259.011424466862	33.9793257224644	277.201762381288
-256.891052033886	33.6970314866641	276.579477853977
-254.976194523023	33.4185415179267	276.02611052866
-253.273087686265	33.1423627461702	275.542196815622
-251.755109086278	32.8647537011331	275.118644800678
-250.36920948523	32.5804567599423	274.738896367606
-249.046559431156	32.2835589279259	274.382112682493
-247.71344319113	31.9682922948173	274.026368639501
-246.301191092501	31.6296038823845	273.651495146433
-244.754762787132	31.2635907747912	273.241632961811
-243.038298901635	30.8677668015013	272.786831984692
-241.135500400463	30.4412097115257	272.283141226073
-239.047752099143	29.98458627465	271.731940615782
-236.790460592569	29.50022907396	271.138750615554
-234.391055349905	28.9925250550497	270.512556868803
-231.886047622966	28.4680246726687	269.864717704311
-229.314041232317	27.9345835897026	269.206823430617
-226.70524437345	27.3996469160496	268.54772469082
-224.075479014944	26.8690795652118	267.892036856624
-221.426015824222	26.3468410056234	267.240302670619
-218.745673832436	25.8351521996355	266.589878699107
-216.015400108326	25.3348092104061	265.936184912062
-213.215177099367	24.8458423689488	265.274505041773
-210.329306889695	24.3680355120053	264.60128193492
-207.349035077549	23.9011796318631	263.914836551744
-204.27381026025	23.4451295420222	263.215645343898
-201.111898294687	22.9999006126706	262.506424748965
-197.881091654032	22.5658302568528	261.792106087855
-194.608846693722	22.1435671546687	261.079654907752
-191.331576064494	21.7338285752655	260.377683492502
-188.09275620969	21.3371041393342	259.695855370785
-184.940079695442	20.9533629502521	259.044114701839
-181.922958068041	20.58184222504	258.432113637352
-179.091365071056	20.2210062679669	257.869013416076
-176.494855213018	19.8686568630861	257.363361195699
-174.18103870621	19.5221555198697	256.92289368759
-172.193695993033	19.178632856756	256.554324615582
-170.570860589021	18.8351839475935	256.263155310826
-169.343079629117	18.48907529159	256.053531301219
-168.531801148202	18.1379048539214	255.928118541973
-168.148685507817	17.7797708341308	255.888151833283
-168.19725082333	17.4134074950631	255.933849670887
-168.676478194677	17.0382756062787	256.065177774854
-169.584072717968	16.654541633937	256.282528030552
-170.916941525243	16.2628680571097	256.586802352027
-172.667449041148	15.8641728237014	256.978626016791
-174.816407559154	15.4594072649575	257.456831824398
-177.32702267608	15.0494356496648	258.016959230015
-180.143188318144	14.6351511924998	258.650491383979
-183.192949344236	14.2176802422154	259.345051053638
-186.395398527531	13.7986157928128	260.085406560463
-189.669692684398	13.3801728485436	260.855178262521
-192.94231149698	12.9651157414925	261.638443298864
-196.149867828116	12.5563922965604	262.42046038703
-199.240256534106	12.1567917475148	263.188173246568
-202.175589088688	11.7687288136948	263.931101969258
-204.936990066236	11.394403681026	264.642879244414
-207.52986310759	11.0361781880956	265.322960036879
-209.985545669923	10.6967926940989	265.977458406355
-212.357768786151	10.3791343741931	266.618643349463
-214.715498831858	10.0858823248273	267.26342084006
-217.135058280713	9.81940365701789	267.931521742301
-219.692312119684	9.58184628176328	268.643610360208
-222.455278138733	9.37519064189382	269.419436469918
-225.477368438366	9.20121626740109	270.275948850448
-228.793387229172	9.06150219829955	271.226058119944
-232.418896266616	8.95755199567486	272.278174261034
-236.353410168011	8.89104669249689	273.436696990964
-240.584946085096	8.8641168816623	274.702985950753
-245.094046109133	8.87946177394561	276.076168136266
-249.856061293729	8.94015886082449	277.553604766072
-254.84023979005	9.04916102640458	279.130527462363
-260.009061749767	9.20880282123694	280.799617707964
-265.319217996478	9.42058341519465	282.550990355485
-270.725633952146	9.68506608846795	284.373127611763
-276.186141066977	10.0016220594607	286.254129337216
-281.664644442835	10.3680202098187	288.182696474591
-287.129391552513	10.7801286009039	290.147620035333
-292.548228032753	11.2322470540858	292.136271518745
-297.884843472119	11.7182081416471	294.133554771625
-303.098885679427	12.2324371417942	296.122036159673
-308.150242527218	12.7706048632252	298.083512092748
-313.00373169324	13.3298100158684	300.000804602847
-317.631909754289	13.9084633186622	301.859123832918
-322.016927287124	14.5058277299639	303.647050267383
-326.150772923968	15.1214604216189	305.357003338696
-330.035003595209	15.7548100569073	306.9854531761
-333.679597441276	16.4051598190639	308.532759568186
-337.099821441218	17.0716910318646	310.001897044404
-340.312256184872	17.7535286510919	311.396656271165
-343.330516797458	18.4497563183229	312.719607930799
-346.162295252864	19.1594755790758	313.97059286837
-348.808551795757	19.8819353264438	315.146283039565
-351.266057238301	20.6168117948379	316.241469415046
-353.532388579277	21.3646103590906	317.251514564681
-355.61362201703	22.1272319928834	318.176273965481
-357.531133649349	22.9084391216397	319.023745873532
-359.324857998373	23.7138044894771	319.811588600051
-361.049779896582	24.5499767031004	320.565678733217
-362.76723578757	25.4235581211104	321.315752050378
-364.533522793535	26.3398169180196	322.089725157887
-366.388597789656	27.3014724361129	322.907950747855
-368.347060657197	28.3077203265072	323.778507606272
-370.394269276653	29.3537564698385	324.694878717884
-372.489924991151	30.4309488743061	325.637313100713
-374.577095819459	31.5274813552572	326.57702298198
-376.594474998248	32.629529484887	327.482223947941
-378.488367854028	33.7228433576573	328.324317567594
-380.219974748976	34.7941784585804	329.081893943708
-381.766028475377	35.8323447226985	329.74150930117
-383.114299945914	36.8288189480441	330.29571632225
-384.256814838778	37.7779298785171	330.739779311667
-385.18317765911	38.6765289586943	331.068276641359
-385.875963452672	39.5235862845061	331.27242015426
-386.309354028282	40.3198933152033	331.338833107967
-386.451504125144	41.0676524827605	331.250343769747
-386.26983914375	41.7700875758218	330.989130978509
-385.737999270202	42.4312151746108	330.540995659535
-384.843159406106	43.0560023471132	329.899836581038
-383.593231232219	43.6506188837079	329.071714123062
-382.021425781761	44.2228779603567	328.077162264934
-380.187199442198	44.7821660965977	326.95088432309
-378.17002116939	45.3388523119725	325.737772715186
-376.057683793623	45.9029092296083	324.485988230684
-373.931301319471	46.4820140168906	323.238736005726
-371.851540243427	47.0793215677359	322.027345960954
-369.849328121587	47.6914012948704	320.86703330227
-367.9225352521	48.3071744273181	319.756333695081
-366.038141438318	48.9088212048123	318.679160802202
-364.138609267117	49.4743680380534	317.60861424103
-362.15289139133	49.9809747119329	316.512551578605
-360.010020368562	50.4077108630669	315.360209357483
-357.652385415126	50.7374224376492	314.12823578694
-355.0457694202	50.9579107218101	312.805061398845
-352.184299603084	51.0626690255805	311.392585396835
-349.090898051458	51.0513048049556	309.905689257715
-345.812099082928	50.9293179170392	308.369077569948
-342.409763820244	50.707037032048	306.812937180315
-338.949063628103	50.3977492191219	305.267026804306
-335.484683717334	50.0154137249073	303.754604865286
-332.048847849153	49.5728581101222	302.287850033119
-328.646151920374	49.0806976731117	300.866505577201
-325.255972365806	48.5471501311797	299.479908905419
-321.839379376389	47.9783935433763	298.110422723591
-318.347086342435	47.379237795784	296.737187068322
-314.728460239296	46.753795439814	295.339969070003
-310.939985780348	46.1061737796188	293.902733472649
-306.951749470947	45.4409411826334	292.415965311657
-302.75126780631	44.7632306574599	290.877751908662
-298.344439074424	44.0788871705881	289.293555476435
-293.752741200981	43.3943452632228	287.674445948397
-289.006051249282	42.716166486112	286.033942370093
-284.134117574609	42.0501819736932	284.384659588419
-279.159536454235	41.4007097906194	282.736010185584
-274.092869933325	40.7699877032277	281.09283861311
-268.930063400902	40.1578889778745	279.455065743673
-263.654080053925	39.56199685667	277.818797169203
-258.239826177024	38.9780419712895	276.1783644673
-252.66307342942	38.4007234498678	274.529366696699
-246.908602869986	37.8244779390271	272.871092755661
-240.976828964829	37.2439569768054	271.208074615822
-234.887782423193	36.6544146513634	269.55040768157
-228.683484768115	36.0521681860102	267.913358039042
-222.425635720284	35.434791617858	266.315704475978
-216.188458243302	34.8009270253874	264.777194577287
-210.050603068914	34.1498002696102	263.316216375113
-204.087724130349	33.4806609512775	261.947961763129
-198.36729796028	32.7926445494261	260.683592368801
-192.946654674803	32.0847366991557	259.530261093695
-187.875219169682	31.3562572074127	258.492181211632
-183.198392665955	30.6072787594968	257.57187744233
-178.958377642489	29.8390850673492	256.770704144039
-175.18939212554	29.0540858731898	256.088152806405
-171.908629450834	28.2550928416885	255.520480355713
-169.106700431451	27.4444616694894	255.059357921793
-166.743176290273	26.6238931542212	254.691445061021
-164.750373795663	25.7950880878553	254.399420171695
-163.045782019095	24.9605595010195	254.16440908655
-161.549086129092	24.1242781780148	253.969071446021
-160.196784425193	23.2918866476115	253.80007027397
-158.948618209188	22.4702713545834	253.648967374605
-157.786088476678	21.6665256424843	253.511686594632
-156.708513358096	20.8867436436389	253.387631244002
-155.731282809869	20.1352495448835	253.279288550286
-154.884465551774	19.4143081226338	253.191871767099
-154.209381750708	18.7243941104494	253.132643124202
-153.753854806537	18.0646384177537	253.11003358906
-153.567824265555	17.433419407085	253.132951508878
-153.699516889425	16.8288823910006	253.210209126818
-154.192704877985	16.2494625854559	253.350206359886
-155.085405976788	15.6941835283278	253.560813603354
-156.410059865065	15.1627236111197	253.849574079395
-158.194420339521	14.6551725333728	254.224002446236
-160.462153283326	14.1717521975533	254.691826817132
-163.233680845912	13.7127833306208	255.261245213277
-166.525897924705	13.2787654289066	255.940935122478
-170.349591504942	12.8705487700083	256.739637626574
-174.705728248794	12.4893506900229	257.665344171322
-179.582314578564	12.1367319533226	258.724425384026
-184.952479134216	11.814582531081	259.920811655273
-190.773889830814	11.5250619842621	261.255189026959
-196.989757807183	11.2705678536918	262.724523050554
-203.532668223055	11.0536323840051	264.322143198659
-210.328489456048	10.8767553913624	266.037998005746
-217.299813756528	10.7420928336698	267.858974585935
-224.367799319794	10.6511063219459	269.768979138874
-231.453773622081	10.6043857916717	271.749121973503
-238.480797913213	10.6018287359442	273.778118696705
-245.375737478807	10.6429932932022	275.833014004439
-252.070852656476	10.7272723646364	277.88986179444
-258.506208195722	10.8538505522262	279.924911497921
-264.634562250318	11.021564250043	281.916537697416
-270.427081106453	11.2289809386205	283.847810055195
-275.877805256592	11.4749706364877	285.708939221289
-281.004664646576	11.7592301349919	287.498528636619
-285.846059217674	12.0822045943669	289.223181037248
-290.45195808586	12.4446219153413	290.894964989357
-294.872480137584	12.8469288793662	292.527728642587
-299.150773121993	13.2888668350694	294.134368189144
-303.320800821209	13.769308948097	295.725507882752
-307.408694113198	14.2863708035638	297.309468794768
-311.434790091765	14.8376705673821	298.892608380407
-315.414975875474	15.4207640024335	300.479740571277
-319.361337779326	16.0334942634229	302.074313944486
-323.280402422742	16.6740349402967	303.677840686708
-327.171584242691	17.3407779044654	305.289224722651
-331.026333486556	18.0321642398057	306.904258853142
-334.828773120835	18.7464277473623	308.515663908054
-338.557361731242	19.4813311282455	310.113524658487
-342.188225528179	20.2341209033209	311.68654566013
-345.698865307359	21.0016284399298	313.223544349842
-349.072150909211	21.7805569603791	314.7152734711
-352.300437640819	22.5679834194252	316.156487365321
-355.389072728348	23.3620885904477	317.547891270462
-358.35731861201	24.1629858246241	318.896944939902
-361.235924280158	24.9730930474329	320.21720525244
-364.060974260082	25.7966690716088	321.525414604139
-366.864622091395	26.6386353883868	322.836975304857
-369.666871639446	27.5033139580858	324.161621592496
-372.469495040405	28.3933981540546	325.499941410141
-375.255220468115	29.309550940936	326.842515261455
-377.991022862204	30.2504571827532	328.171171943512
-380.633955576998	31.2133226826976	329.461780920335
-383.138586475254	32.1947318481302	330.688004147642
-385.464055265295	33.1915892381823	331.825174625722
-387.579119784427	34.2016923965845	332.853203139467
-389.464631980158	35.2238890620439	333.758326718679
-391.113554058654	36.2578756706922	334.53336838443
-392.52811311455	37.3035213443355	335.176418841348
-393.712870960386	38.3597975539497	335.687142304934
-394.666108158589	39.4233138679117	336.062151598726
-395.372795787621	40.4868229422378	336.291022716051
-395.800522270254	41.5381658508374	336.354214074144
-395.899849788037	42.5602475329387	336.223487130686
-395.609283213902	43.532471077334	335.865344608352
-394.864948040621	44.4332993107628	335.247059960983
-393.61217069342	45.2432501294761	334.34397752383
-391.8178378818	45.9480613481775	333.146683451487
-389.480298085608	46.5415491088729	331.665903689896
-386.636076053771	47.0272955909324	329.934532364009
-383.362250319684	47.4182938222903	328.00681017734
-379.775221329396	47.734716582384	325.955023904382
-376.022355926053	48.0004900537093	323.862668406408
-372.264207337085	48.2390511167965	321.813817361591
-368.648117161107	48.4687801461443	319.880008294984
-365.277468853777	48.6991300305251	318.106739118072
-362.186336551929	48.9286952437284	316.503928616125
-359.332666403934	49.1462050288756	315.045197286944
-356.611681427353	49.3338283567628	313.676092943282
-353.885118479776	49.4716313506152	312.32880366323
-351.016014256977	49.5421483031641	310.939039478026
-347.900546893941	49.5340491467065	309.460783962438
-344.489360834651	49.4445066857126	307.87530071559
-340.79430807045	49.2794646169368	306.192746205958
-336.880905454131	49.0518236618961	304.446656887579
-332.84903686044	48.7783803477724	302.683822155398
-328.806480087966	48.4758805982524	300.951623666915
-324.841360148849	48.1576258140941	299.28651585987
-321.000954308986	47.8310892894361	297.706057512828
-317.280087651561	47.4969008108086	296.205612245186
-313.622802693334	47.1497161406874	294.76053125161
-309.937900349857	46.780716068751	293.333711997807
-306.123149423949	46.3804640566849	291.885817064637
-302.091038828404	45.9413508671771	290.385519651918
-297.787555193891	45.4594055031561	288.816242181169
-293.199905150399	44.9352296915507	287.17805836166
-288.353373794529	44.3737942393453	285.48529883015
-283.298426376472	43.7829087627696	283.760632294047
-278.092054071188	43.1712175649152	282.027752310012
-272.78037867152	42.5460758512822	280.305232127414
-267.388059268655	41.9122908611193	278.603187280503
-261.912381761795	41.2718008299879	276.922001761783
-256.32335475171	40.6240386723369	275.253337808997
-250.574369265553	39.9667568248597	273.584585895599
-244.623356540351	39.2973147069358	271.905904339394
-238.450673994664	38.6136113384965	270.215259290994
-232.066052842185	37.914357492421	268.519582159407
-225.506287209691	37.1989904616662	266.83301433485
-218.827761153987	36.4673393941582	265.173750360212
-212.096023178611	35.7193495504244	263.560508858172
-205.375027192353	34.9548179150652	262.009463696638
-198.71923621796	34.1734136731914	260.532388919575
-192.171181680913	33.3749298488413	259.136512443556
-185.764662852212	32.5596436034141	257.825715667056
-179.53195158688	31.728827499401	256.602485324745
-173.511872673768	30.8851575706066	255.469644239547
-167.754851709244	30.0330517036792	254.431245351042
-162.322899526883	29.1781741163637	253.492399689476
-157.286263352785	28.3265146595556	252.65862073032
-152.717553794929	27.4837327648263	251.934869366249
-148.682471790873	26.6549539883315	251.324243005935
-145.226749165707	25.8446040394165	250.826296004647
-142.365173904422	25.0563580507896	250.435981199894
-140.077130604587	24.2932223673272	250.143641649154
-138.310502813982	23.5576176334758	249.936087233942
-136.992396028132	22.8515843487922	249.798418236157
-136.042489423449	22.1769416629423	249.715927292401
-135.384556247812	21.5353808733504	249.675567051245
-134.95611067359	20.9282565607539	249.667115759483
-134.716712295167	20.3560993210203	249.684236938185
-134.654557782713	19.818114186411	249.725343256768
-134.789068648753	19.3120015812892	249.79392880072
-135.166605248464	18.8340282749367	249.897902490339
-135.848713843314	18.379481356983	250.047886441033
-136.896171753132	17.9433351715387	250.25487934203
-138.353370943093	17.5210623112702	250.527909851018
-140.238220027028	17.1092465174186	250.872425730555
-142.541051796874	16.7058161638308	251.289937022436
-145.232566720263	16.3100456086679	251.779009270658
-148.276800409818	15.9223305754951	252.337151345577
-151.644496941968	15.543964252349	252.962979075314
-155.324015019385	15.176957322307	253.658304131542
-159.325991363783	14.8239047179437	254.429348213356
-163.679662064102	14.4878624339807	255.286614908437
-168.42270244852	14.1721342786735	256.243428645524
-173.587447454415	13.8800271119367	257.313486238721
-179.186702310099	13.6146022308914	258.507874481645
-185.202505353084	13.3784163783729	259.832029440256
-191.581595981981	13.1733539209393	261.283573402141
-198.238563004701	13.0005353192827	262.851517220979
-205.065579675403	12.8603032641439	264.517050873968
-211.945519187191	12.7521598176257	266.255572041027
-218.764380424405	12.6746742366116	268.039260928147
-225.420337019924	12.6254271922733	269.839530046476
-231.829157152917	12.6011050213401	271.629079166681
-237.927326992142	12.5978546937509	273.383620601736
-243.673636156666	12.611949815247	275.083502690765
-249.049440299257	12.6404703523475	276.714877134427
-254.057419044836	12.6818322345747	278.270382759596
-258.7204077837	12.7360532641384	279.749583504074
-263.0784786618	12.8047998578841	281.158735797768
-267.185410705646	12.8912598509197	282.510119555738
-271.103179167478	12.9997649237976	283.820375611352
-274.89545533819	13.1353976776363	285.108463616021
-278.620656460683	13.30359335275	286.392986804323
-282.326665016572	13.50986204742	287.690174545462
-286.04805339608	13.7593578230211	289.012398076192
-289.805904724846	14.0564197192931	290.367703654992
-293.609728474145	14.4039892854654	291.760030794397
-297.459497296273	14.8030671903269	293.189609681794
-301.345368745323	15.2522232285969	294.652740751193
-305.246198788149	15.7473693506666	296.141053939635
-309.132452929009	16.2827750056054	297.642545557605
-312.976692568488	16.8530437613548	299.145680705514
-316.761012874948	17.4543247536901	300.642317130432
-320.476114685233	18.0842870285604	302.127658160928
-324.11693392478	18.7415253957997	303.598512991607
-327.678041281683	19.4249110724812	305.051501441756
-331.150138863399	20.1330373034045	306.481615565969
-334.519106318435	20.8638229797481	307.8817289094
-337.767799674412	21.6143827798761	309.243198992271
-340.878821135318	22.3811872283741	310.557066371709
-343.837892095105	23.1604472079504	311.81550299098
-346.636963900608	23.9485453295633	313.013309856374
-349.275521468623	24.7424448352298	314.148560920751
-351.760671128882	25.5401320200388	315.222781686652
-354.106098227852	26.3409310045593	316.24048848704
-356.330464136985	27.1457883971467	317.208618025885
-358.454940419352	27.9573334679073	318.135403025591
-360.500264954585	28.7797488334166	319.029120158531
-362.483316502709	29.6181513472012	319.896247680529
-364.41367927057	30.4779006867479	320.739760763058
-366.291750441812	31.3639182473504	321.558093822673
-368.109509229158	32.2803016740627	322.345617646138
-369.854194734802	33.2301883294792	323.094791449883
-371.513625352329	34.2159865989964	323.798850181565
-373.081425254582	35.2397064410161	324.454156963182
-374.55873635685	36.3030916077731	325.061103730066
-375.951724537831	37.407111086599	325.622836518856
-377.265841474737	38.5511601295203	326.142482805582
-378.499966157507	39.732239510804	326.619926567989
-379.641827364284	40.944237903186	327.048973260928
-380.666566755619	42.1774555444762	327.416365297889
-381.537407953349	43.4184333214834	327.70221243368
-382.210281434181	44.6505721424824	327.882555700788
-382.640182954071	45.8556751683383	327.932881013241
-382.787612816121	47.0158583603654	327.831692396854
-382.621349289615	48.1153018287909	327.562254736233
-382.116807534249	49.1414808294286	327.112245906483
-381.252912888712	50.0856629041278	326.472657455497
-380.0113194219	50.9428046717464	325.637785826496
-378.379696798916	51.7111370322162	324.607210707147
-376.357641175144	52.3918690253486	323.388337560076
-373.962786433606	52.9888350352513	321.998558376299
-371.235065330435	53.5078891184229	320.465927123111
-368.235770640902	53.9559057401019	318.827541888608
-365.040518090209	54.3396111278884	317.125204432027
-361.728584563781	54.6645751803126	315.400045060721
-358.371994689361	54.9344551667527	313.687643254511
-355.02787328864	55.1504930325284	312.014957795916
-351.734429727379	55.31142592682	310.399075849192
-348.510632049775	55.4137419012523	308.847626516192
-345.358214709524	55.4521549934535	307.360184187383
-342.264318060372	55.4204675402146	305.930091352941
-339.206861487171	55.3127644182734	304.546999093784
-336.160695147498	55.1246799252823	303.199629906792
-333.104157431779	54.854726264815	301.878470874704
-330.024292599626	54.5052720828806	300.577750194012
-326.919420730429	54.0826696679118	299.296288755288
-323.797119623739	53.5963597305377	298.036363095778
-320.669909760421	53.0572045597611	296.801782511009
-317.551350708159	52.4761018637522	295.596347407496
-314.455125569186	51.8630376643102	294.423543791413
-311.397604380869	51.227025480471	293.28764715857
-308.39957644953	50.576179443053	292.19442384872
-305.483719006836	49.9176931709807	291.150190409176
-302.667510537502	49.2575559099345	290.159128146371
-299.954305134429	48.6001015425462	289.220243100702
-297.325735195527	47.9474211839095	288.324811985877
-294.74066164813	47.299175525177	287.456352083154
-292.141017896611	46.6531003340898	286.593109903105
-289.46537387934	46.0062970446265	285.713147198601
-286.665345131245	45.3568339541515	284.800139722131
-283.7205737816	44.7051334784647	283.848337038756
-280.646172740406	44.0544011959651	282.864552132506
-277.489558687833	43.4097838443936	281.866342627238
-274.31752079835	42.776732111711	280.876926808518
-271.200106187057	42.1594106923062	279.919543023737
-268.199108370724	41.5598103070275	279.01374084758
-265.368619078368	40.9780028258124	278.175617495842
-262.763153750507	40.4133919140873	277.420513816718
-260.446369713563	39.8660923626968	276.765691539444
-258.493512321876	39.3377748887403	276.231290067687
-256.988164517031	38.8316016328133	275.839572154402
-256.012187862787	38.3514468657705	275.612309701766
-255.630944355143	37.9005688535422	275.566821795741
-255.876808979739	37.480450996112	275.711526589778
-256.737017754462	37.090111039336	276.042487089117
-258.151002655035	36.7265190669845	276.54246058565
-260.018527747332	36.3856862598905	277.182779482141
-262.212727177079	36.0637615416983	277.926476050561
-264.592358476877	35.7577763179405	278.731238735652
-267.012137162556	35.4658310680638	279.551995821357
-269.33151770949	35.1872074064067	280.343314899053
-271.423516931782	34.9224202514906	281.062264808493
-273.183813343619	34.6731200796473	281.672091328613
-274.540400227406	34.4417874126903	282.146389023263
-275.459848881942	34.2312527722225	282.472137583919
-275.947405436821	34.0440811059971	282.650163140011
-276.044508491577	33.8822480648084	282.694192656738
-275.823319583876	33.747340756591	282.628676192266
-275.379164004434	33.6410977386128	282.485894953844
-274.819044848518	33.565787896221	282.30185623852
-274.247350135884	33.5240567064847	282.111340575482
-273.751992684923	33.5182004862424	281.943333485676
-273.394352956468	33.5490306868887	281.817765389471
-273.206095503628	33.6150665692132	281.744738340076
-273.191461021299	33.712097922636	281.725449215694
-273.332547643806	33.8335669787979	281.754053598529
-273.597459344867	33.9718620238466	281.820375852978
-273.948322727532	34.1198636788089	281.912331520901
-274.348456251479	34.2719537629818	282.018141940733
-274.765939127627	34.4242894798606	282.127475657625
-275.175019169471	34.5746516570185	282.231932847044
-275.555391288827	34.7220325588344	282.324853037506
-275.891092395642	34.8662089813926	282.401086631758
-276.170434707696	35.0074954501712	282.457067923465
-276.386650824248	35.1465494344346	282.491008928168
-276.537306292842	35.2842603671319	282.502595682962
-276.623079416681	35.4216488471502	282.492369817706
-276.647454951246	35.5601298743948	282.461437267702
-276.61741093306	35.7018547164456	282.411634998473
-276.544832807796	35.8498932105661	282.345968697646
-276.448250746891	36.0082038799372	282.269332189912
-276.355127898293	36.1816943756572	282.189310765467
-276.305402914275	36.3763075083	282.117367970648
-276.353436202984	36.5989749624698	282.069377271871
-276.565266646513	36.857455491129	282.064706227649
-277.013864189191	37.1599653995535	282.124782634749
-277.774150029309	37.515099423367	282.271758831561
-278.918520178075	37.93174339771	282.52748705361
-280.511444591916	38.4189414260503	282.912174883836
-282.602614390408	38.9852084661589	283.442427667204
-285.222366044614	39.638007695077	284.130024860577
-288.383044055316	40.3834212185409	284.982194926453
-292.084246350972	41.2262295388165	286.002813814552
-296.315174830398	42.1700440563801	287.192844182475
-301.054917739464	43.2174635860392	288.55022372713
-306.274872355208	44.3705352792934	290.070401850284
-311.942482935293	45.6312144312171	291.747388917682
-318.024886324955	47.0015868256272	293.57478627355
-324.49118889287	48.4838015974016	295.546542376034
-331.314311419225	50.0799341049434	297.657628343021
-338.472587542996	51.7920210064574	299.904753971471
-345.950646046241	53.6221751097471	302.286838662281
-353.738233239424	55.5726916845964	304.804575151984
-361.828164211876	57.6461466590098	307.459756956381
-370.213155110541	59.8451827612409	310.254006932987
-378.882830598252	62.1720133747818	313.187467338357
-387.822644007375	64.6278576502516	316.258295860313
-397.014954384454	67.2127015248467	319.463015687067
-406.442086329872	69.9256827020694	322.798063614095
-416.090058685353	72.7655916092302	326.261496633596
-425.951315402219	75.7319500628904	329.854629728146
-436.024896907791	78.8257809839116	333.582229312575
-446.314772513416	82.0498175629686	337.451564764963
-456.826463772124	85.408332163266	341.470778531287
-467.562690694025	88.9058538076801	345.646523533663
-478.519291789389	92.5456150950435	349.981889539314
-489.682871086398	96.328023736423	354.474884359361
-501.029957265179	100.24971113857	359.117891186273
-512.528666948049	104.303513029105	363.898317529081
-524.141105153778	108.478932392654	368.799325904844
-535.825900341652	112.763055374105	373.800731954413
-547.541384785285	117.141490888961	378.879965205165
-559.250420244274	121.599467669139	384.014469960916
-570.925771259333	126.122817644527	389.18455475293
-582.553024458025	130.698765987961	394.375635694863
-594.123084355244	135.314679005984	399.575270898531
-605.621842192724	139.955592090608	404.767883754715
-617.027553756717	144.603760778066	409.933537738609
-628.316417082089	149.23956839308	415.051028631516
-639.468553705002	153.843083652596	420.101917276531
-650.471149179271	158.39511528506	425.073192861596
-661.319331484251	162.878274953646	429.958084405237
-672.014093721026	167.277839208897	434.755244454741
-682.558803114747	171.581823716317	439.466334973548
-692.955229399153	175.78101859933	444.093144734298
-703.199897382629	179.86849333858	448.635003348193
-713.283512523647	183.839300424267	453.087903426901
-723.19612260844	187.690847481387	457.447361775078
-732.931968163938	191.423115758833	461.71132190516
-742.489800357088	195.03870860907	465.881003752932
-751.872122194838	198.542454377656	469.960555733362
-761.081946062546	201.939827836535	473.954881411819
-770.118289246214	205.234684142844	477.866259706555
-778.972869580018	208.427613638011	481.691719104353
-787.629344092675	211.514516411481	485.422213873908
-796.064999874716	214.487775416803	489.043671326072
-804.254853998311	217.337718855079	492.539652850415
-812.177433802124	220.055750506672	495.895772400344
-819.820895755766	222.636778449529	499.104480917692
-827.185566208638	225.079724866751	502.167556831178
-834.281663647405	227.387437169781	505.094862146413
-841.123125832839	229.564870801391	507.899479191302
-847.721257868577	231.617097275496	510.5929402278
-854.083197162512	233.548380769344	513.182915110975
-860.212786844885	235.361925499546	515.673367248118
-866.112323961138	237.061099098404	518.065506947137
-871.78490650477	238.650314447343	520.360010923375
-877.236361798214	240.136321481313	522.559178872919
-882.476142465673	241.528641454414	524.668442832633
-887.51531874953	242.83790588762	526.695442686479
-892.364573066644	244.074337954135	528.648484783777
-897.030580340078	245.245277387314	530.533524973395
-901.513791954109	246.35367565477	532.351960547398
-905.807667530139	247.397248362695	534.100028561497
-909.902064747043	248.370191333923	535.770856769233
-913.784888493542	249.26475727231	537.356018424088
-917.446375655867	250.074007337641	538.848391641303
-920.880582244779	250.793382064835	540.243462158724
-924.086753754972	251.42132435978	541.54018019141
-927.067690193136	251.958840987687	542.739827111245
-929.82803579649	252.408357580347	543.844319047304
-932.372775824208	252.772976327187	544.855223491787
-934.707285084525	253.056343169909	545.77350794176
-936.837869859855	253.263287886904	546.600156151063
-938.773642900501	253.400842422384	547.338223361319
-940.526682047246	253.477809724329	547.993178996508
-942.111981460312	253.504699854114	548.573550149195
-943.546439932837	253.492596304582	549.090114932332
-944.847192265676	253.451850595296	549.554087528274
-946.029648012954	253.391445112503	549.975375923246
-947.105504778814	253.317680864473	550.360344497522
-948.08195205328	253.234601790374	550.711344088626
-948.963572706027	253.144633615899	551.028057280052
-949.754535109673	253.049789604658	551.310180755114
-950.461353445457	252.951859585239	551.559599578501
-951.09509054811	252.852410101575	551.782642097613
-951.669153012567	252.752779542883	551.98825134661
-952.194089739304	252.652992459162	552.183640326439
-952.673226993004	252.551239714722	552.370580371625
-953.10298157501	252.443567642391	552.544989347608
-953.475502421831	252.324982332975	552.698807675538
-953.78177145824	252.190571498228	552.822600388023
-954.015323607451	252.037703649285	552.909207861315
-954.17539748673	251.866635794709	552.956382476006
-954.267151726364	251.680805542542	552.967730731079
-954.302248009652	251.486106288406	552.952671300682
-954.295111101261	251.289546959695	552.923527762602
-954.26038276853	251.097589450569	552.892683819931
-954.210495218875	250.915381044073	552.87019914648
-954.152497426643	250.745323278645	552.860299694765
-954.089099664445	250.587816873906	552.862193201268
-954.019470523741	250.441655274775	552.871003213336
-953.941006375674	250.304813369862	552.88002596794
-953.851480373111	250.174980296387	552.883331481567
-953.750590122038	250.050018115662	552.877528878529
-953.639472310337	249.927775952875	552.861864503209
-953.520547121427	249.805995476485	552.838128060889
-953.397754374126	249.682926434466	552.810160643351
-953.274258609245	249.557097034318	552.781804555186
-953.15308834123	249.427744802377	552.756293093886
-953.035921492776	249.295367010594	552.735251537442
-952.924241314455	249.161903108279	552.719416368548
-952.81961980264	249.030380333729	552.708669669431
-952.723125255866	248.903798581533	552.702380327358
-952.634597543391	248.784221879882	552.698925673476
-952.552452951205	248.671861035646	552.695428386449
-952.474349610351	248.565801795143	552.689222077165
-952.397551673221	248.464479234193	552.677724632014
-952.319442131193	248.366346585013	552.659224779389
-952.237510239991	248.270252719961	552.632714505222
-952.149732877011	248.175473547697	552.597820804076
-952.055205338717	248.081684161006	552.555224461702
-951.952988904885	247.988767980838	552.505407517624
-951.843368254676	247.896837265585	552.449466862776
-951.72760151448	247.80595165941	552.389047498556
-951.607812405375	247.716121044608	552.326022083177
-951.48738843881	247.627612208884	552.263392651404
-951.370130125183	247.540720460405	552.204191819798
-951.25907490014	247.455730266369	552.15060442796
-951.155417450585	247.372719697057	552.103488699109
-951.0595948251	247.291626433546	552.062754094181
-950.971336359625	247.21248498725	552.027787557979
-950.890637287909	247.135607170479	551.998315820154
-950.817344523138	247.061277381978	551.974347748747
-950.75055498947	246.989111005788	551.955748611346
-950.68866284787	246.918289325061	551.941809000182
-950.629340221702	246.847421003051	551.93117910859
-950.569618900629	246.774705472141	551.921307535353
-950.507922788798	246.698964183049	551.909931412964
-950.443562215394	246.620188517577	551.895005571288
-950.378592142673	246.539980322039	551.876350073621